n :10000
experiments: 10
ABB:
     i: 17.00934 +- 2.12534131
     s: 17.37652 +- 2.07488781769
ABBR:
     i: 16.06416 +- 1.78341394634
     s: 16.32106 +- 2.55841602637
SkipList:
     i: 10.9876 +- 3.18183303459
     s: 11.85996 +- 3.15182510682
Swaps: 7000 +- 8276.47267862
SList heigth: 14.8816759654 +- 1.7760794428

n :20000
experiments: 10
ABB:
     i: 18.73961 +- 1.11942067338
     s: 19.13915 +- 1.12516734978
ABBR:
     i: 17.713265 +- 1.7842319805
     s: 18.06532 +- 3.2825355468
SkipList:
     i: 12.45133 +- 1.93907858428
     s: 13.25466 +- 3.57356264308
Swaps: 15700 +- 13118.6889589
SList heigth: 15.7230106186 +- 1.24187113922

n :50000
experiments: 10